0.6666666667
0.5277777778
0.5000000000
0.5277777778
0.5277777778
0.3333333333
0.3055555556
0.3333333333
0.5000000000
0.3055555556
0.3055555556
0.3055555556
0.5277777778
0.3333333333
0.3055555556
0.3333333333
0.5277777778
0.3333333333
0.3055555556
0.3333333333
0.3333333333
0.0833333333
0.1111111111
0.0833333333
0.3055555556
0.1111111111
0.0275000000
0.1111111111
0.3333333333
0.0833333333
0.1111111111
0.0833333333
0.5000000000
0.3055555556
0.3055555556
0.3055555556
0.3055555556
0.1111111111
0.0275000000
0.1111111111
0.3055555556
0.0275000000
0.1650000000
0.0275000000
0.3055555556
0.1111111111
0.0275000000
0.1111111111
0.5277777778
0.3333333333
0.3055555556
0.3333333333
0.3333333333
0.0833333333
0.1111111111
0.0833333333
0.3055555556
0.1111111111
0.0275000000
0.1111111111
0.3333333333
0.0833333333
0.1111111111
0.0833333333
